Glider (szybowiec)
23/3
010
001
111
-
Glider gun
23/3
000000000000000000000000011000000000
000000000000000000000000011000000000
000000000001000000000011000000100011
000000000001010000000111000001000101
110000000000001100000011000000111110
110000000000001100000000011000011100
000000000000001100000000011000000000
000000000001010000000000000000000000
000000000001000000000000000000000000
000000000000000000000000000000000000
-
LWSS (Dakota)
23/3
01001
10000
10001
11110
-
Diehard
23/3
00000010
11000000
01000111
-
Żołądź
23/3
0100000
0001000
1100111
-
Pedały
3/3
110
011
-
Roteightor
23/3
01000000000000
01110000000011
00001000000010
00011000001010
00000000001100
00000010000000
00000111000000
00001101000000
00001110000000
00111000000000
01010000011000
01000000010000
11000000001110
00000000000010
-
Spacefiller1
23/3
00000101000000000000000000000
00001001000000000000000000000
00011000000000000000000000000
00100000000000000000000000000
01111000000000000000000000000
10000100000000000000000000000
10010000000000000000000000000
10010000000000000000000000000
01000000000111000111000000000
00111101001001000100100000000
00010001000001000100000000000
00001000000001000100000000000
00001010000001000100000000000
00000000000000000000000000000
00011100000111000111000000000
00011000000010000010000000000
00011100000011111110000000000
00000000000100000001000000000
00001010001111111111100000000
00010010010000000000001100000
00010000011111111111100010000
00010001000000000000010001000
00001000111111111111000001000
00000110000000000001001001000
00000000111111111110001010000
00000000010000000100000000000
00000000001111111000000111000
00000000001000001000000011000
00000000011100011100000111000
00000000000000000000000000000
00000000000100010000001010000
00000000000100010000000010000
00000000000100010000010001000
00000000100100010010010111100
00000000011100011100000000010
00000000000000000000000001001
00000000000000000000000001001
00000000000000000000000100001
00000000000000000000000011110
00000000000000000000000000100
00000000000000000000000011000
00000000000000000000010010000
00000000000000000000010100000
-
Venetiablinds
23/3
00000000000000000000000000000000000000
11001100110011001100110011001100110011
11001100110011001100110011001100110011
11001100110011001100110011001100110011
11001100110011001100110011001100110011
11001100110011001100110011001100110011
11001100110011001100110011001100110011
11001100110011001100110011001100110011
11001100110011001100110011001100110011
11001100110011001100110011001100110011
11001100110011001100110011001100110011
11001100110011001100110011001100110011
11001100110011001100110011001100110011
11001100110011001100110011001100110011
11001100110011001100110011001100110011
11001100110011001100110011001100110011
11001100110011001100110011001100110011
11001100110011001100110011001100110011
11001100110011001100110011001100110011
11001100110011001100110011001100110011
11001100110011001100110011001100110011
11001100110011001100110011001100110011
11001100110011001100110011001100110011
11001100110011001100110011001100110011
11001100110011001100110011001100110011
11001100110011001100110011001100110011
11001100110011001100110011001100110011
11001100110011001100110011001100110011
11001100110011001100110011001100110011
11001100110011001100110011001100110011
11001100110011001100110011001100110011
11001100110011001100110011001100110011
11001100110011001100110011001100110011
11001100110011001100110011001100110011
11001100110011001100110011001100110011
11001100110011001100110011001100110011
11001100110011001100110011001100110011
11001100110011001100110011001100110011
11001100110011001100110011001100110011
11001100110011001100110011001100110011
11001100110011001100110011001100110011
11001100110011001100110011001100110011
11001100110011001100110011001100110011
11001100110011001100110011001100110011
11001100110011001100110011001100110011
11001100110011001100110011001100110011
11001100110011001100110011001100110011
11001100110011001100110011001100110011
11001100110011001100110011001100110011
11001100110011001100110011001100110011
11001100110011001100110011001100110011
11001100110011001100110011001100110011
11001100110011001100110011001100110011
11001100110011001100110011001100110011
11001100110011001100110011001100110011
11001100110011001100110011001100110011
-